FE 00 00 86 51 00 01 00 00 00 00 
45 4F 31 31 37 30 2D 33 38 30 30 00 21 03 08 00 18 49 E8 02 00 00 00 00 00 00 00 00 00 00 00 00 00 00 00 00 00 00 00 00 00 00 1C 37 21 00 01 03 00 00 00 00 00 00 00 01 30 10 08 00 00 00 08 00 00 00 08 00 00 00 08 00 00 00 00 00 00 00 00 00 00 00 00 03 01 10 00 00 10 00 01 00 00 10 30 10 00 00 01 00 00 00 00 02 00 01 00 30 10 00 00 02 00 00 00 00 03 00 03 00 30 10 00 00 0F 00 00 00 00 06 00 10 00 30 17 50 00 02 23 00 00 00 00 00 00 00 00 30 10 08 00 00 00 08 00 00 00 08 00 00 00 08 00 00 00 00 00 00 00 09 64 00 00 00 00 01 20 00 01 20 07 00 10 00 30 00 80 00 01 00 00 11 00 20 00 30 04 00 00 00 60 20 09 60 00 80 09 60 00 80 09 58 00 80 09 59 00 80 00 00 00 00 16 00 10 00 30 04 00 00 00 69 20 09 60 00 00 09 60 00 00 09 58 00 0F C6 
FE 00 00 86 51 00 02 00 00 00 00 
00 09 59 00 00 00 00 00 00 21 00 02 00 30 23 79 00 03 10 00 00 00 00 00 00 00 02 00 00 00 01 00 00 00 00 00 00 00 00 00 00 00 22 00 00 30 30 03 0C 00 04 18 00 00 00 00 00 00 00 00 30 00 00 30 00 23 00 28 00 30 00 0C 00 00 16 00 01 40 00 28 00 00 30 30 22 20 00 19 00 00 00 00 00 00 00 03 00 10 00 32 00 01 00 30 03 04 00 03 11 00 00 00 00 00 00 00 00 00 00 12 00 45 00 30 07 09 00 01 03 00 00 00 00 00 00 00 00 90 20 11 70 00 50 11 70 00 50 11 70 00 50 11 70 00 50 00 00 00 00 01 10 00 00 00 00 25 00 10 00 30 05 00 00 08 00 99 20 11 70 00 00 11 70 00 00 11 70 00 00 11 70 00 00 00 00 00 00 26 06 50 00 30 01 00 00 09 33 00 70 00 30 05 00 00 01 00 80 20 10 20 50 30 10 20 00 30 10 20 00 30 10 20 00 30 00 00 00 00 17 00 15 00 30 04 11 CD 
FE 00 00 86 51 00 03 00 00 00 00 
00 00 00 89 20 10 20 50 00 10 20 00 00 10 20 00 00 10 20 00 00 00 00 00 00 21 00 02 00 30 23 29 00 03 10 00 00 00 00 00 00 00 02 00 00 00 01 00 00 00 00 00 22 00 00 30 30 03 0C 00 04 18 00 00 00 00 00 00 00 00 30 00 00 30 00 23 01 09 00 30 00 0C 00 01 21 00 01 40 00 28 00 00 30 30 22 20 00 19 00 00 00 00 00 00 00 03 00 10 00 24 00 05 00 30 03 04 00 03 11 00 00 00 00 00 00 00 00 00 00 31 00 15 00 30 03 09 00 01 03 00 00 00 00 00 00 00 01 10 00 00 00 00 33 00 74 00 30 04 00 00 00 30 10 08 00 00 30 08 00 00 30 08 00 00 30 08 00 00 30 00 00 00 00 34 00 10 00 30 14 80 00 00 30 10 08 00 00 00 08 00 00 00 08 00 00 00 08 00 00 00 00 00 00 00 0A 64 00 00 00 00 00 00 35 00 10 00 30 00 00 00 38 00 03 00 30 10 00 00 10 00 00 00 00 39 0C 2C 
FE 00 00 86 51 00 04 00 00 00 00 
00 01 00 30 10 00 00 03 00 00 00 00 20 20 20 20 20 20 20 20 20 20 20 20 20 20 20 20 20 20 20 20 20 20 20 20 20 20 20 20 20 20 20 20 20 20 20 20 20 20 20 20 20 20 20 20 20 20 20 20 20 20 20 20 20 20 20 20 20 20 20 20 20 20 20 20 20 20 20 20 20 20 20 20 20 20 20 20 20 20 20 20 20 20 20 20 20 20 20 20 20 20 20 20 20 20 20 20 20 20 20 20 20 20 20 20 14 20 20 23 00 00 20 20 23 01 0A 20 20 23 02 0A 20 20 23 03 0A 20 20 23 04 0A 20 20 23 05 0A 20 20 23 06 0A 20 20 23 07 0A 20 20 23 08 0A 20 20 23 0D 0A 20 20 23 0E 0A 20 20 06 0F 08 20 20 21 0E 08 20 20 22 0D 08 20 20 33 0B 08 20 20 00 00 00 20 20 00 00 00 20 20 00 00 00 20 20 00 00 00 20 20 00 00 00 00 00 00 00 00 00 00 00 00 00 00 00 00 00 00 00 00 00 00 00 00 00 00 00 00 00 00 16 28 
3A 00 00 86 51 80 05 00 00 00 00 
00 00 00 00 00 00 00 00 00 00 00 00 00 00 00 00 00 00 00 00 00 00 00 00 00 00 00 00 00 00 00 00 00 00 00 00 00 00 00 00 00 00 00 00 00 00 00 00 01 5C 
